#The data here correspond to the ones provided in "Semiempirical identiﬁcation of nonlinear dynamics of a two-degree-of-freedom 
#real torsion pendulum with a nonuniformplanar stick–slip friction and elastic barriers" (Fig 6 and Fig 7)
#URL: https://link.springer.com/article/10.1007/s11071-020-05684-6
# Copyright (c) 2020 Bartłomiej Lisowski, Clement Retiere,
#José Pablo Garcia Moreno & Paweł Olejnik
#For license details, refer to the 3rd-party-licenses.txt

49.00048214
49.00048214
49.00053944
49.00053944
49.00053944
49.00053944
49.00053944
49.00053944
49.00053944
49.00059673
49.00059673
49.00059673
49.00059673
49.00059673
49.00059673
49.00059673
49.00059673
49.00059673
49.00053944
49.00059673
49.00059673
49.00059673
49.00059673
49.00065403
49.00071132
49.00076862
49.00076862
49.00076862
49.00082592
49.00082592
49.00076862
49.00076862
49.00076862
49.00082592
49.00082592
49.00088321
51.27644239
50.39185285
49.60558287
49.17277055
48.90989751
48.39922023
45.68683803
44.37946293
44.45113995
44.57552909
44.6717287
44.73979609
44.79176336
44.83152663
44.86195069
44.88521278
44.90303177
44.91678275
44.92738247
44.93551847
44.9418783
44.94686304
44.95127481
44.95459797
44.95740546
44.95964
44.96170264
44.96342152
44.96485391
44.96617171
44.96743222
44.96852084
44.96949487
44.9704689
44.97138563
44.97218777
44.97293262
44.97384935
44.9745369
44.97516715
44.97579741
44.97648495
44.97694332
44.97751628
44.97808924
44.9786049
44.97912056
44.97963622
44.98015188
44.98061025
44.98101132
44.98146969
44.98187076
44.98221453
44.9826156
44.98301667
44.98336045
44.98376152
44.98416259
44.98444907
44.98479284
44.98513662
44.9853658
44.98570958
44.98599605
44.98633983
44.98651172
44.9867409
44.98702738
44.98725656
44.98748574
44.98771493
44.98800141
44.98823059
44.98840248
44.98863166
44.98886084
44.98903273
44.98920462
42.85069694
43.77298711
44.46609415
44.85037694
45.09239432
45.57167351
47.82574677
49.54628174
49.545365
49.43203395
49.34007423
49.26942853
49.21539861
49.17408835
49.1422892
49.11793849
49.09931736
49.08499342
49.07399263
49.06551285
49.0580644
49.0526213
49.04872519
49.04528744
49.04265184
49.04036
49.03846924
49.03680767
49.03531798
49.03400017
49.03285426
49.03176564
49.03073431
49.02964569
49.02655172
49.02586417
49.02506203
49.02443178
49.02380152
49.02322857
49.02265561
49.02196806
49.0214524
49.02093673
49.02019189
49.01967623
49.01921786
49.0187595
49.01835842
49.02042107
49.01927516
49.01881679
49.01841572
49.01801465
49.01761358
49.01721251
49.01686873
49.01646766
49.01612389
49.01578011
49.01543634
49.01497797
49.0146342
49.01440502
49.01411854
49.01383206
49.0132018
49.01285803
49.01262885
49.01239966
49.01217048
49.01199859
49.01176941
49.01148293
49.01131104
49.01108186
49.01085268
49.01068079
49.0105089
49.28782048
50.93793893
49.993418
49.40264122
49.07823251
48.802869
48.1892885
45.49810573
44.40679302
44.48677793
44.5956972
44.68135439
44.74695806
44.79726376
44.83570922
44.86521655
44.88784838
44.90515171
44.91844433
44.92864298
44.9365498
44.94268045
44.94806625
44.95207695
44.95540011
44.95792112
44.96279126
44.96428095
44.96571335
44.96691656
44.96806248
44.9690938
44.97006783
44.97098456
44.9717867
44.97264614
44.97333369
44.97407853
44.97482338
44.97545363
44.97608388
44.97665684
44.9772871
44.97774546
44.97831842
44.97877679
44.97929245
44.97980811
44.99986163
44.99986163
44.99986163
44.99986163
44.99986163
44.99980434
44.99980434
44.99974704
44.99974704
44.99974704
44.99974704
44.99968975
44.99968975
44.99968975
44.99968975
44.99968975
44.99968975
44.99968975
44.99974704
44.99974704
44.99968975
44.99968975
44.99963245
44.99957515
44.99963245
44.99957515
44.99957515
44.99951786
44.99951786
44.99946056
44.99934597
44.99934597
44.99928868
42.76670133
43.69489296
44.43733167
44.84590787
45.10471291
45.61756743
48.24480811
49.60833307
49.54496393
49.42957023
49.33812617
49.26965771
49.21602886
49.17454672
49.14274756
49.11833956
49.09966114
49.0852799
49.07422181
49.06568474
49.05903843
49.05325155
49.04895437
49.04545933
49.04276643
49.0404173
49.03846924
49.03680767
49.03537527
49.03405747
49.03285426
49.03176564
49.03067702
49.02976029
49.02884355
49.02798412
49.02723927
49.02643713
49.02574958
49.02506203
49.02431719
49.02362964
49.02305668
49.02248372
49.02191076
49.02133781
49.02082214
49.02030648
49.01984812
49.01938975
49.01893138
49.01847302
49.01807195
49.01767088
49.01726981
49.01692603
49.01652496
49.01618119
49.01578011
49.01543634
49.01514986
49.01480609
49.01451961
49.01417583
49.01394665
49.01360288
49.0133164
49.01308721
49.01280073
49.01257155
49.01239966
49.01217048
49.01199859
49.01176941
49.01154023
49.01142564
49.01119645
49.01102457
49.01085268
51.15400131
50.44261691
49.65863876
49.21774774
48.97292287
48.55821602
46.74950285
44.57512802
44.4301124
44.54390182
44.64136194
44.71624752
44.77308494
44.81680162
44.85066342
44.87661841
44.89655734
44.91179802
44.92354365
44.93259639
44.94044591
44.94617549
44.95081645
44.95425419
44.95711898
44.95941081
44.96141616
44.96319233
44.96468202
44.96594253
44.96714574
44.96817707
44.96926569
44.97029701
44.97121374
44.97207318
44.97287532
44.97379205
44.9745369
44.97516715
44.97579741
44.97642766
44.97700062
44.97757357
44.97814653
44.97866219
